806
-0.03388351333631351 -0.40808013722808095 0.9123171099589779 0.96299072876425 0.23089982968479383 0.13904720409139854 0.26739626743484973 -0.8832643263776971 -0.385153691285007
-0.13637684251580678 0.6727311717429588 0.7272098234971535 0.9902060498434849 0.11471532899549475 0.07957620339532229 0.02988872159824052 -0.730939918090945 0.681786990534743
-0.20515690113984653 0.6795529953336896 0.7043567082435631 0.9725760427108936 0.22211981997104194 0.06898280018129521 0.10957411674075129 -0.699192757477539 0.7064863769609729
-0.08540902620801594 -0.07705104015889416 0.9933621874485817 0.9378309778050943 0.33042544294055565 0.10626421658620011 0.33641990920773357 -0.9406817548288957 -0.04403953701721011
0.0012067754387253271 -0.18850192126948667 0.9820720795189904 0.9430805727913837 0.3268149997623443 0.06157100903685325 0.3325621399325514 -0.9260987968937509 -0.17816689219782386
-0.03985442874141668 0.20238569048700222 0.9784945870038276 -0.9973990770005113 -0.06691560316830147 -0.02678401111011782 -0.06005585490374654 0.9770170593898135 -0.20452618402800754
-0.33960837073887046 0.5638349432337888 0.7528321933290592 0.9064208165509084 0.4099001124809844 0.10189799365670943 0.25113235125581956 -0.7169881830104514 0.6502772390112522
0.08202914159984037 -0.42910877885943133 0.8995203587658047 0.917161389831975 0.38567571104590825 0.100345557503629 0.38998231361162317 -0.8167740824824217 -0.42519865152082137
-0.6308932979659876 0.15171563863158957 0.7608915898971472 0.5593600321996982 -0.590672621285278 0.5815687481644205 -0.5376709039544099 -0.79252016974875 -0.2877877335507202
0.5471500640233188 0.5933954524146361 0.5903462073164433 0.20340348807130407 -0.7784010530603056 0.5939013568220194 -0.8119444737663448 0.20487468767087388 0.546600890844551
-0.12713391949083724 0.7398921431807896 0.660603196309429 0.6568461407749102 -0.43624433870223916 0.6150154667155546 -0.7432295162760981 -0.5121039869104542 0.43053384620307517
-0.1304256397174438 0.3980714250324682 0.9080354029865351 0.5843261570999255 -0.7090324129904331 0.39476066098054985 -0.8009694717235685 -0.5820757492814723 0.14012753999583288
-0.43598321673928453 0.3125760316910563 0.8439282310326742 0.5669556466243278 -0.6328650724984464 0.5272979184221455 -0.6989133919753271 -0.7083629185832704 -0.09870180390314381
-0.008700466571210763 0.7430659151878896 0.6691616752081886 0.958099977761697 -0.1854021071670165 0.21833573063305023 -0.28630182412007255 -0.6430234088616185 0.7103183519813527
-0.10543885733223848 -0.5331915676771861 0.8393982365495061 -0.9718949191972632 0.23391831979928268 0.02650444681237199 0.21048257268244605 0.8130122826994862 0.5428702559329933
-0.2986750167399553 -0.3148301180396573 0.9009302032624538 0.9515732088636217 -0.1702661124526717 0.2559646052157362 -0.07281251642664872 -0.9337512772282526 -0.35043813965695775
-0.16550304451739933 0.41292899938683914 0.8955994549578831 0.9558344272594893 -0.15648421885633929 0.24878351415326344 -0.24287710868049595 -0.8972192211016807 0.3687931389881019
0.026847952397051067 0.6075117179643026 0.7938568510683454 0.9154384033901432 -0.33395435260365236 0.2246041406020438 -0.40156159807754643 -0.720696886987268 0.5651055476955344
0.5536510656766366 -0.10137665732779488 0.8265550621853144 -0.40274492483420166 -0.9013577191071583 0.1592193070146824 -0.7288806644406335 0.4210427953961275 0.5398665959749657
-0.2439546367785983 0.38104968555313345 0.8917888047817615 -0.6544156037890707 -0.7433250206950774 0.13859340217359228 -0.7156999040880266 0.5497900060464206 -0.43070244547700054
-0.24137463950846375 0.41275221873594437 0.8782789359484353 -0.7082614122112589 -0.6936277766763962 0.1313250905024396 -0.6634033881242044 0.5903525331117975 -0.45976062388357236
-0.11075165046427507 0.4158725641013481 0.9026539106142561 -0.6979265834088826 -0.6791522519997218 0.22726790969010738 -0.7075539245108062 0.6048158637399293 -0.36546575062224373
0.040527214790254354 0.12928954763802486 0.9907783595400639 -0.6940746311699815 -0.7096620553750017 0.12099658477487134 -0.718761400763563 0.6925777790490273 -0.0609759685443198
0.5328408213288166 -0.43440637986026204 0.726203660320117 -0.7666172336874715 -0.6111700132434996 0.19689903992988664 -0.35829970156142016 0.6616360873234198 0.6586797490528724
0.5588314030539057 -0.3603116554758927 0.7469156404099636 -0.7040942594441669 -0.6820031941073355 0.19779513908375929 -0.4381309584799671 0.6364331497931381 0.6348181700816475
-0.352848535562882 -0.45108058931427525 0.8197708294974988 0.5921001759645081 0.5707517464671134 0.5689110875414013 0.7245103812740916 -0.6861258965005094 -0.06569597839627805
0.5797681045451402 -0.3606530916298038 0.7306150097349496 -0.6575839723445093 -0.7365802467097281 0.15821775966260088 -0.4810948599473411 0.5721703309809949 0.6642054261125453
-0.022305574391969476 0.07176879749636528 0.9971718513159961 -0.9527189445259981 -0.30385243399939227 0.0005577579350868576 -0.3030331237543406 0.9500120725856971 -0.07515309607139163
0.2533839690907499 -0.616093109546539 0.7458055005006973 -0.9327926518841966 -0.35987881115088216 0.01962421655702395 -0.2563092522689479 0.7006543524833806 0.6658746470225674
-0.1525778612399884 0.47390018998983474 0.8672592496981685 -0.9276779484019985 -0.37126836986045114 0.039666378582159045 -0.3407838322281307 0.7984850702854518 -0.49627408981645155
0.09216828999005132 -0.6472233323396119 0.7567079782819364 -0.9939791943915781 -0.10502015346787835 0.03124305494457781 -0.059248353875837156 0.7550316055906593 0.6530060544299816
0.03503394974542702 -0.2881308456499106 0.9569499663777659 -0.9956651107981518 -0.09261544173544009 0.008565459214687255 -0.08616037084787916 0.9531017761694296 0.29012651508977805
0.5094420420099803 -0.22164631657239592 0.8314696123025737 -0.3989528297218773 -0.9169714497501591 7.563394355258879e-16 -0.7624338958162928 0.33171715465586415 0.5555702330195611
-0.13529786060074148 0.476279599669391 0.8688223246761263 -0.9691619662781167 -0.2458964322266777 -0.016125375596450192 -0.2059601224431517 0.8442112813490216 -0.49486133452336567
0.18021937798719911 -0.6338849817144563 0.752137491257265 -0.9489961745040064 -0.3131632167963142 -0.036538478656727894 -0.25870298911042855 0.7071906600080703 0.6579925028620626
-0.34410715656973195 -0.5829582260137383 0.7360366645218233 -0.7562445663588859 0.6366925570236663 0.15072074735525903 0.5564929654992563 0.5047596403770633 0.6599494562436301
-0.2965761144952108 0.8609074713100106 0.41337747175375744 0.2639524731326393 -0.3420976493093883 0.9018305219187004 -0.9178080955396332 -0.376573398130558 0.12578066458052028
-0.35904197696680257 0.8252200177597084 0.43600548283758717 -0.5283058836504907 -0.5648048026660966 0.6339467076857384 -0.7694035040705529 0.002730782667887177 -0.6387572236381962
-0.5874202976815519 -0.29914575018521444 0.7519635722678609 0.7513593643157653 -0.5467965922727532 0.3694219705620036 -0.3006601063106417 -0.7820008355654295 -0.5459653777010441
0.403232441239593 0.6781765172850347 0.614394181071974 0.20285629572434888 -0.7209379536906282 0.6626445428835641 -0.8923300519521664 0.14256604901417808 0.4282779471926302
-0.2709359092807895 0.5811113089189923 0.7674004037714922 0.08653232412651346 -0.7792874406130208 0.6206635495855009 -0.9587001042784222 -0.23456498363836187 -0.16085203917662705
-0.5879683454171714 0.2990086898992981 0.7515896674064255 0.37849757766647074 -0.7194676695865567 0.5823279626810869 -0.7148655877072345 -0.6268652772202308 -0.3098501504398464
0.5933636179056327 0.025765528473105426 0.8045220658803848 -0.28040629271826345 -0.9302643372160619 0.23660214265294108 -0.7545143656352343 0.36598415327233047 0.544760196420037
0.6739574630265543 0.19247415349861308 0.7132566426369996 0.043153455038844823 -0.974072946446246 0.222080333032308 -0.7375087235748623 0.11889320937935333 0.6647896565188541
0.3338277489976629 0.24315225582348887 0.9107337780532245 0.04665268924289523 -0.9692361077814557 0.24167104493310354 -0.9414789220081123 0.03818832099740602 0.33490161473758207
-0.3989563134942446 0.2552409904348009 0.8807303200894958 -0.022717477380048645 -0.9629353681948615 0.26877386945332926 -0.9166884836980176 -0.08722106099612736 -0.3899675760549085
-0.4034068793976953 0.21010797447503876 0.890571461880859 -0.02925817479628756 -0.975744345024919 0.21694914694343076 -0.9145528135991949 -0.06146228285614591 -0.3997693571597352
-0.35171372701997206 0.36112659727520935 0.8636463598986284 -0.1432093424839314 -0.9324900981236128 0.3315920703616667 -0.9250883949391226 0.007056744422552774 -0.3796862703695172
-0.3161897617142685 0.3642232745425475 0.8759939730777715 -0.07059698202641768 -0.9298395714406295 0.3611293916477437 -0.946065590070708 -0.05234288552049715 -0.3197188164927932
-0.4423148224272714 0.36088661432145813 0.8210471664068562 -0.0904214952455234 -0.9287483621507797 0.35951416244677925 -0.8922900599349386 -0.08477813046912835 -0.4434310741653818
0.6519622704018548 -0.3164005429508462 0.6890833725993303 -0.7429001244879542 -0.08460004870615032 0.6640348159507137 0.1518044894205694 0.9448457695197274 0.2902100425768094
-0.679126564398757 -0.3880083284460554 0.6230863877380393 0.40197539009844085 0.5136662838342172 0.7579991653076875 0.614168458391626 -0.7652427627285623 0.19287461939926173
-0.7690109676501148 -0.02691933201395383 0.6386685221597795 0.5227978072483382 0.5484377329427464 0.6526089991878371 0.3678377147196352 -0.835757980906281 0.40768126395665155
0.11841172224644936 0.6218865603317515 0.7741032037870487 -0.18537483878464822 -0.7520372742828738 0.6325156972239913 -0.9755074746921194 0.21839652966091028 -0.026232092022477227
0.1142437980755644 0.9913027423508045 0.06532402015370414 0.08960886775372912 -0.07576892214554642 0.9930907920511569 -0.9894031561609058 0.10760085243469963 0.09748564578522134
-0.5754142381995396 -0.17317492870993256 0.7993177706917054 0.8119907900929515 -0.004067507665210898 0.5836560735447054 0.0978233677679955 -0.9848826830885533 -0.1429569490120165
-0.24134358447621126 -0.6414323711637723 0.7282292135415858 -0.8968936388617155 0.43399559277996735 0.08502720751005208 0.3705874725372763 0.6326233782202388 0.680038665465169
-0.2659961852727898 -0.6497438260744144 0.7120947899672534 -0.9350677239348006 0.35345620887708434 -0.026777977175889478 0.23429549947815304 0.6729796942586173 0.7015724838103778
-0.4115439681034714 -0.6029439071741363 0.6834399806268555 -0.8340334420232193 0.5514907329724934 -0.01569041211582789 0.36745037747232134 0.5764690939218249 0.7298380668671647
0.17068806909842998 0.16613528313739295 0.9712181272836236 -0.9100468444760597 0.40444855412261227 0.09075300505931433 0.37773049112643414 0.8993444472308637 -0.22022543292816157
0.18885630893334748 0.07317720721678278 0.9792744206401114 -0.41924533769477285 0.9077796397849622 0.01301815705397058 0.8880127484429882 0.4130147962674437 -0.20211911504579194
0.21103179273490358 0.09042078512352197 0.9732880683912346 -0.6206278169617085 0.7816542782417779 0.061949189822556046 0.7551732882381623 0.6171228977472583 -0.2210715581154445
0.13965014268720807 0.1522715985562186 0.9784228114269294 -0.7912218300369477 0.6112701560113977 0.01779921466766579 0.5953703497155586 0.77663515027517 -0.20584457737972628
-0.4728732031192636 -0.4731483094383673 0.7433179743873711 -0.7090551070866843 0.7051495662348721 -0.00222359012949655 0.523098259303183 0.5281048821156537 0.668934559280348
-0.497969723537671 -0.5346863089404917 0.6827420489990419 -0.7053578518551931 0.7077335589907489 0.03979334497773612 0.5044764169572692 0.4617615840559745 0.729575070999602
-0.6033225053263074 -0.40526220714210465 0.6868511469227512 -0.556735471578085 0.830689113709968 0.0011004773856654326 0.5710057523821597 0.3817304544126117 0.7267972832368225
-0.1782072435652023 0.4144405980918681 0.8924579368206378 -0.933804947165991 -0.35718946430986676 -0.020591435946856015 -0.3102426453426667 0.8370511795818028 -0.45066043066981065
0.3092993678979778 -0.5760026355576325 0.7566735523649366 -0.9120465970071725 -0.4049778479109051 0.06452865711517804 -0.2692673502405142 0.7100802113367989 0.6506006359990276
-0.12123721797812255 0.15155155496845735 0.9809860667530245 -0.8517520641637316 -0.5233761433275371 -0.024409706848242438 -0.5097253752460722 0.8385162722226905 -0.19253701734475634
-0.134775428771295 0.1474682550354126 0.9798411593499864 -0.7014052278164108 -0.7126811577839662 0.010783029792954979 -0.6999044864774935 0.6858124241339736 -0.199486913636359
-0.4828578861631164 0.45070343204461816 0.7508093487119686 0.71065954660434 0.7026528722295213 0.035241310527830305 0.5116749657645975 -0.5505863760490333 0.659578177261037
0.07421938808419343 0.764996484989676 0.6397435895621398 -0.09177647731892868 -0.6335507654733203 0.7682385734777325 -0.99300984921769 0.1157316098635705 -0.02318693242001285
-0.42286871931221814 0.5574695825665894 0.7144296401607921 0.8157639367499605 0.577485978304954 0.032235762118778766 0.39460264282623936 -0.5964374312316462 0.6989643373594567
-0.4414504081605816 0.3514338408593475 0.8256002620116493 0.7267546607520897 0.6796852747992008 0.09927532571717418 0.5262596319403305 -0.6438339713932333 0.5554535237713829
-0.13364303683174306 -0.17096676348243128 0.9761710426410467 0.985709429121966 0.07899502687539595 0.14878409548463123 0.10254979301107213 -0.982104959519844 -0.15796641554485052
-0.4241572556200026 0.4213420116618895 0.8015993586035486 0.8396065938656223 0.5146564842700548 0.17375117477633095 0.33933963818315743 -0.7467259285758728 0.5720568132189537
-0.4092299046052501 0.6119830894823275 0.6767625753278946 0.821195628018439 0.5703247996118518 -0.019166728231583274 0.39770419371711463 -0.5479108696999608 0.7359518008432707
-0.4499226056225945 0.35480987006679543 0.8195606170704886 0.7254365349765404 0.6804367490256129 0.1036709423931646 0.5208756883086472 -0.6411831147797327 0.5635359177997035
-0.4685684086808113 0.3091098226016381 0.8275836900021158 0.5859112272202047 0.8098471481997687 0.029251160148235478 0.6611744703205411 -0.49859674499929096 0.5605797050130037
-0.38922664202965274 0.39853333046220374 0.8304660171524334 0.8118466449322697 0.574377133151658 0.1048614992487763 0.43520988757901535 -0.7150259389862634 0.5471108300246618
-0.496567375724178 0.5033541514567256 0.7071459818012718 0.6933108342016407 0.7201774672118162 -0.0257779537395873 0.5222460421535332 -0.4774714797049715 0.7065975215943776
0.15914343067152126 -0.1193732431383176 0.9800119373235919 0.5008302056423773 0.8652110813027056 0.02406013107233962 0.850789323857742 -0.48699056830050036 -0.1974783856426901
-0.1779694291362459 0.07148524253766647 0.9814360612858346 -0.28933227612099927 -0.9570733843401955 0.017244447867327983 -0.9405390562265681 0.2808921449363405 -0.1910127917850039
0.5593277580307892 -0.022509277471297606 0.828640930393842 -0.07271353281741111 -0.9971102923764803 0.021995612792152466 -0.8257512950286323 0.0725561662755907 0.5593481934304665
0.7762560389167815 0.034439325731875414 0.629476365631279 -0.3488872417402182 -0.808188413991255 0.474456720935855 -0.5250754751425097 0.5879161677768651 0.6153456955813001
0.7287023752971067 -0.11803811017166249 0.674581242537516 -0.15906611769984053 -0.9872674999065317 -0.0009240282510099701 -0.6661012073523491 0.1066296777422245 0.7382000361611575
-0.1857071373659495 -0.019094602949080774 0.9824195922667476 0.18908905318049057 -0.9818185945763627 0.01666065158997998 -0.9642396948366372 -0.1888587924411094 -0.18594130100393502
0.7545546577037345 0.056100045771190155 0.653834882368685 0.036323743801284336 -0.9983822364784674 0.04374351975452021 -0.6552311456073043 0.009257145819625529 0.7553717303933312
-0.1908289411902916 -0.012789401883942786 0.9815399871648858 -0.05312936883352121 -0.9983149010291372 -0.0233372781304238 -0.9801844649715403 0.05660202807882503 -0.18982788268802886
0.5859650158992497 -0.3931020980257773 0.7086012564693392 -0.5319765470299044 -0.8462432581046468 -0.029551675461369047 -0.6112658615957005 0.3596430016560398 0.7049900409278855
0.5568069606341967 -0.4883033412147142 0.671956736366156 -0.6415049180211303 -0.766692538446188 -0.02557326036399092 -0.5276717244120743 0.4168241816995362 0.7401487369485278
0.5296297712596462 -0.40067368387110114 0.7476315298652253 -0.6520356379924518 -0.7560640482922697 0.056715797337977006 -0.5425327936477508 0.5175207763298658 0.6616875500443556
0.6273063025171561 -0.2552939497805464 0.7357389496470218 -0.35882575945322814 -0.9332332897826973 -0.017880189992815237 -0.6911807847264485 0.25278573149371564 0.6770291698133241
0.7134525422114676 -0.22209128393750757 0.6645757531019206 -0.3495709984051286 -0.9347970677323565 0.06288528629998684 -0.6072771913105556 0.2771820769061001 0.744570016288586
0.619009455452772 -0.3320991030702997 0.7117144650770892 -0.5245410609760932 -0.8492732662599934 0.059929913784010455 -0.5845373977857526 0.4104206439203405 0.6999077979518987
0.5693519659964951 0.3730817041718594 0.7325628852379491 0.5638440568916561 -0.8256913180752283 -0.017712333645014594 -0.5982626666639714 -0.42313578112399663 0.680468876884682
0.6570397296369676 0.26510164679369674 0.7057052575586013 0.39999116791101275 -0.916082687485791 -0.028276762226177782 -0.6389881526849819 -0.30085482637990346 0.7079410386269138
0.7248600094381472 0.16228341223905418 0.6695088205762338 0.2371003219494803 -0.9712521012293087 -0.021278937687457047 -0.6468086301594802 -0.17416500787960565 0.7424992565528366
0.5428638979044506 0.15355456517544636 0.8256632387758143 0.24440687237450825 -0.969474550179382 0.019605542343869076 -0.8034700175414753 -0.19115462868647987 0.5638225242429011
0.5067330074631193 0.23238352977116367 0.8301924802348413 0.39148460790601614 -0.9199973229059327 0.018566841912138032 -0.768089487572936 -0.31559914597002986 0.5571675853304218
0.46454267968256147 0.31353565258622806 0.8281880784644715 0.5372768564874302 -0.8432168403685685 0.017858880195408655 -0.7039415304102543 -0.43667007531565133 0.560165660396541
-0.2357383048738614 0.5090798857499564 0.8278074181474884 0.8880102716689484 0.45888779693343895 -0.02932144669037584 0.39479768113001873 -0.7281893021394831 0.5602455990224054
-0.3368229077657322 0.4356592938000558 0.8347163042195076 0.8164219166934843 0.5767561958171921 0.028417327971120288 0.46904752717264636 -0.691052292024357 0.5499464946166202
0.15732922108596847 -0.11716684080520545 0.9805709804028523 0.6986952907813303 0.7149217816764653 -0.026678394339646083 0.6979057291873134 -0.6893176172855855 -0.19434200695487386
0.13903530794291852 -0.13594394766769496 0.9809120379716734 0.6988420440588763 0.7152760249066276 7.516239563282179e-05 0.7016330811762157 -0.6854921234312594 -0.1944519686526044
-0.49312465277403944 0.5078144783262181 0.706365721442338 0.698652939073011 0.714978438160612 -0.02626601778070453 0.5183745244040522 -0.4805520664482504 0.7073595718453166
-0.23666187978981154 0.5069068327295027 0.828876720379152 0.8883924952557871 0.4583117230994548 -0.02662966095929553 0.39338267504753066 -0.7300656322562752 0.5587971399091948
-0.022613075236699223 0.07166357468356416 0.997172493048176 -0.9524241498080637 -0.3047755664094587 0.0003049297993783749 -0.30393566373614056 0.9497242685029001 -0.07514603200372491
0.19605089724441027 -0.03634054007345988 0.9799201043130161 0.2874411875890443 0.9575456607168771 -0.021997075252878195 0.9375188581394313 -0.2859819448661929 -0.19817345393237784
0.18931007936005645 0.061416523594893524 0.9799947471707224 -0.1889207807745767 0.9816733603413302 -0.02502702914223892 0.9635718096977592 0.18040350391741294 -0.19744351934187787
-0.5499194476384995 0.0805946943574467 0.8313200925939406 0.10681181793479239 0.9939469284441148 -0.025704843628685192 0.828359726603384 -0.07465921696575817 0.5551992116921886
-0.3003677367183188 0.13421129053022474 0.9443339198784129 0.6890347099503213 -0.6540724853351654 0.3121223356492748 -0.6595531754319688 -0.7444303281178795 -0.10398603442729759
-0.72527314708419 -0.014063880491373915 0.6883175643437567 -0.03698790849354294 0.9991433616644133 -0.01855902656959696 0.6874669131993703 0.03891979069139584 0.7251720438273043
-0.38498694346880785 0.40047964665630786 0.8315053252821573 0.6940567180764664 0.7194799657662081 -0.025176396763290643 0.6083340574482672 -0.5674192730909808 0.5549459821220744
-0.4683831233932513 0.3104368019143857 0.8271917805065229 0.5862360197479778 0.8096531391168191 0.028091341518877433 0.6610178355161317 -0.49808712725330495 0.5612171013022671
0.19683272695149306 -0.034351449520235944 0.9798351164949637 0.2868343538156115 0.9576783705326715 -0.024045625071289656 0.9375408956797676 -0.2857833384397124 -0.1983556210401744
-0.5492036018075686 0.08486382512344864 0.8313684712250111 0.1068760225936572 0.9937939082761722 -0.030841265663603012 0.8288262300121512 -0.07191522132754358 0.5548651019709716
-0.4906470727484132 0.25352282486191574 0.8336615783862479 0.42456910239066936 0.9050405306550973 -0.025351827680143102 0.7609247842583373 -0.34150814799295315 0.5516934452717637
-0.454425283737822 0.32034030827183757 0.8311917639125799 0.5439571495202808 0.8387147311915019 -0.025849935553868608 0.7054135531626625 -0.4403858383039496 0.5553845806607857
0.1395645451314555 0.6983582935323565 0.7020095665992234 0.9852832341865823 -0.16859323666186282 -0.028165031203787383 -0.09868478187179192 -0.695609095977372 0.7116103564595337
0.022059567719021733 0.5556363893253244 0.8311327080124928 0.9995906240558998 0.002892367808987828 -0.02846433745246313 0.01821976317628904 -0.8314203732556638 0.5553451207707023
-0.14734980868116265 0.7114358857102765 0.6871295470326293 0.977215006884826 0.21201792936433367 -0.009961322560632535 0.15277062610567943 -0.6700055060607353 0.7264666252812884
0.08153354772822385 -0.1737226899172181 0.9814136271739737 0.9508869758388017 0.308577055066488 -0.024375402901935517 0.29860716631552486 -0.9352008490663488 -0.19035002529706366
0.08113528916121149 -0.1740365849872887 0.9813910188801869 0.9507272635463073 0.3091149446046975 -0.02378279571008579 0.29922355388986255 -0.9349648218558811 -0.19054145661646305
-0.05615965894348124 0.5532281894155202 0.8311345638002171 0.9886788271419965 0.14682549011104054 -0.030926561638483785 0.1391411853782986 -0.8199883205812617 0.5552106669020723
-0.0016395577248132231 -0.18221780677218896 0.9832568244083476 0.9967489206188856 0.07890741737016663 0.01628523039581714 0.08055371559116019 -0.9800868789954753 -0.1814960289520268
-0.5464978397356708 -0.10190080609297275 0.8312378341256178 -0.22280943427697764 0.974487367715817 -0.0270245473499941 0.8072769457636078 0.19997648831775516 0.5552597022643373
-0.5172271886486001 -0.2040825307779499 0.8311596452871943 -0.40455385937696864 0.914106517600338 -0.027302918228367168 0.75419640027374 0.35037065389648736 0.555363119681423
0.143685292544763 0.14434640513869557 0.9790396580475494 -0.6218376153526496 0.7827738263256871 -0.024147814641787578 0.7698522694899699 0.6053340004848394 -0.20223311058816368
-0.4792293782802139 -0.2706957407522733 0.8349029997141824 -0.5261211161767094 0.8499997735541055 -0.026399925585977035 0.7025210132843966 0.45191171803411967 0.5497636082875231
0.18907001250317704 0.06292895049442276 0.9799451400776071 -0.18914863989550507 0.9815897322434091 -0.02654033873173492 0.9635742433241619 0.18033730824204167 -0.19749210834432301
0.36398684806925374 0.578859874772238 0.7296813138701586 0.8448951670836549 -0.5349240623037455 0.0028990010595972837 -0.39200220799288227 -0.6154490173419156 0.6837812340080542
-0.03198409826268278 -0.18531954934909847 0.9821576666133424 0.9856411437916722 -0.16885342574099718 0.0002372352610209294 -0.16579672229378536 -0.9680625936604367 -0.18805919714829375
0.14857205555131636 0.6960858327540836 0.7024178654820149 0.9831964477164735 -0.1801642547012805 -0.029420851885006982 -0.10607115303872194 -0.6949858665951312 0.7111564917274186
-0.08584975069480422 -0.1570004561237048 0.9838600901970725 0.9172931664934071 -0.39786845990271225 0.01655099148526601 -0.38884838563396584 -0.9039090360161224 -0.1781723536305957
0.3726632497344804 0.5864541080364768 0.7191617908819117 0.8480760421393758 -0.5298227027021548 -0.0074115079840547105 -0.37668173442118197 -0.6126658819197675 0.694803129012043
0.20202384556211495 0.5181190001793161 0.8311071335739342 0.9463959917526334 -0.3216565216595506 -0.029524716229442582 -0.25203371325845425 -0.7925211566431938 0.5553280324763826
-0.03629294259645282 -0.5500882786378016 0.8343175103179231 -0.9993055268128778 0.0270303103240378 -0.025648126737251538 0.008443127325492739 0.8346689451687977 0.5506872665786626
-0.11116290739542763 -0.544770842526964 0.8311844182561794 -0.986549467520017 0.16135137389750961 -0.02618935427540396 0.11984555125398749 0.8229158300056292 0.5553796724500996
0.166238563850802 -0.6244932749010215 0.7631335987179606 -0.9755999233877513 -0.21672013226935324 0.03517348084811756 -0.14342081220883432 0.7503602693856841 0.6452828346956139
0.5616797403063138 0.02578528570216665 0.8269528332200647 0.08751046745408031 -0.9957589789286003 -0.028389680678768195 -0.8227136728020283 -0.08831293746859352 0.5615541270975295
0.05847112651338692 0.19524264529403645 0.9790104375454042 -0.9142060686130661 0.4044114684797052 -0.026050494681125407 0.40100921619745655 0.8934940814693048 -0.2021384053168177
-0.21522810111555557 -0.5058857717193903 0.8353181731903536 -0.934901723804064 0.3539122019159506 -0.026550332638094046 0.2821978584581786 0.7866547777182064 0.5491253312084022
0.5127212469276322 0.5359134079933926 0.6707560973124904 0.7218074718158483 -0.6920928365321793 0.001216244900254182 -0.4648772919597054 -0.48353316820436565 0.7416770042723863
0.004382376054623445 -0.5537618982060759 0.8326635304103625 -0.9993764528501159 0.02674818362861381 0.023048647713455654 0.035035699921150354 0.8322453332809399 0.5532993809532607
0.5084786887254921 0.5190599840546978 0.6870415970413601 0.7221770716682732 -0.6916045647539968 -0.011975106182163436 -0.46894530626571335 -0.5022547749544778 0.7265194015074785
0.4641852404854857 0.30527093922094917 0.8314696123025744 0.5494731738267942 -0.8355113591356562 5.551115123125783e-17 -0.6947023058549204 -0.4568702468124291 0.5555702330195604
0.5753262272069618 0.3809832749393417 0.7237758468644129 0.5696490765340727 -0.8216368997099809 -0.02031587159956244 -0.5869409356073934 -0.42398649654377635 0.6897360283882906
0.14946719846526169 -0.530554358776893 0.8343690004822741 -0.9487749436469264 -0.31452187367857454 -0.030034934418003867 -0.278362466742054 0.7871391639097637 0.5503873851649584
0.0930566228417799 -0.5477214152858134 0.8314696123025759 -0.9858725013197903 -0.16749749592596241 6.938893903907228e-18 -0.13926907799921173 0.8197230264521337 0.5555702330195632
0.12656492563797256 -0.6745261716918263 0.7273209493071306 -0.978260818892414 -0.20630259814181834 -0.021095217938701893 -0.16427747812223198 0.7088396727770722 0.6859731980763499
-0.10589617247654917 -0.5331600677352328 0.8393606750541649 -0.9717372263716679 0.23458324091423724 0.026409580944707717 0.21098048141550696 0.8128413407638291 0.5429329527731266
-0.07684290702622104 0.4311619544778392 0.8989964052489924 -0.9582870873130641 -0.2808872191188837 0.05280367813614267 -0.27528353733706035 0.8574390585613133 -0.43476112398038236
0.39948552013526406 -0.5628996635524623 0.7235712044953031 -0.8112805451914216 -0.5846164568696344 -0.006890235925311206 -0.4268901453490922 0.584266691785285 0.69021535528711
-0.06975499782902377 0.20518910185596534 0.9762334110024184 -0.8493540214959472 -0.5254730868475475 0.0497572222654518 -0.5231940237106465 0.8256969586225044 -0.21093256286076661
0.05698916243393447 0.19615224363480865 0.978915998787491 -0.9144701401630296 0.4037071865466071 -0.027656288269282552 0.40062026673059026 0.8936133419145303 -0.20238230415986735
0.13937170396779708 0.15222136431304756 0.9784703288193204 -0.7905322111553497 0.6121742034358777 0.017365706823621714 0.5963508625456562 0.7759326007420522 -0.2056556535734645
-0.37032459008759494 -0.41155051967827505 0.8327579886911906 -0.7704191727487192 0.6369299373237763 -0.02783079592663812 0.518954715016286 0.6518791488406979 0.5529372288687869
-0.3950429741065449 -0.6091395232691613 0.6876700442803043 -0.8476217530960126 0.530323115678629 -0.017168478539314552 0.35422932160889664 0.5896663753075391 0.7258203314486102
-0.1349389220318961 0.14726038427268456 0.9798499204188018 -0.7018390781219972 -0.7122597296999746 0.01039162492515451 -0.699437914143733 0.6862947301790837 -0.1994646524742762
0.6809233803959834 0.025789225943466276 0.7319004480496953 0.03369038946027686 -0.9994248177485866 0.003871863404139586 -0.7315793242623267 -0.022021568823367144 0.6814005744189214
0.7129066425285253 -0.12908735267770655 0.6892753980938011 -0.16643405808793382 -0.9859731921577607 -0.012512739692753148 -0.6812223009760388 0.10579848640173328 0.7243913699983003
-0.18669453498606736 0.05661611387860693 0.9807852804032197 -0.2902046257010612 -0.9569646154491338 1.1102230246251565e-16 -0.9385768086992372 0.2846284251925264 -0.19509032201618642
-0.17816570350846625 0.07089293317045015 0.9814434136107002 -0.28921336371395134 -0.9571201316178092 0.016633817997380007 -0.9405384693581627 0.28088297505971827 -0.19102916525757696
-0.18323978970502144 0.07702263356963901 0.9800462710437998 -0.5110089877749664 -0.8591183993039638 -0.02802481740528881 -0.8398172383811042 0.505947714586589 -0.1967839328363562
-0.16363362785395175 -0.10316971919100237 0.9811116373162663 0.4169483123025622 -0.9085582552288043 -0.02600003314683863 -0.8940794935034581 -0.4048183616112804 -0.19168712371716357
0.6700789713414849 0.2815435782328837 0.6868241301248541 0.3876775557313599 -0.9217949778666177 -0.0003627148203662611 -0.6330089137982945 -0.2665093475578421 0.726823556797795
0.5429505349633981 0.1532657297001675 0.825659937675576 0.24385387331749397 -0.9696132952670364 0.019630234574642386 -0.8035794951658588 -0.19068212748151078 0.5638264992070783
0.6924940566400342 0.021163946650950782 0.7211130763482148 0.03795799530344485 -0.9992539381470813 -0.007124443142711379 -0.72042430005572 -0.03230564129847563 0.6927807542285809
0.5440085512800654 0.1151892162082418 0.8311354526209889 0.2483312451780187 -0.9682602818046838 -0.028348180679714258 -0.801490042859236 -0.22181855456396313 0.5553469546586666
0.0996365605083312 0.5600106031359444 0.8224722975185167 0.9797928555277998 -0.19929115084117682 0.016999925090465273 -0.1734315890106291 -0.8041586669132637 0.5685510727819738
-0.04902087485318718 0.7556293132451375 0.6531625332130744 0.9978593804985973 0.008710964578992286 0.06481339249776574 -0.043285223571030096 -0.654941569959333 0.7544388175058467
0.0047486915430852705 0.5627716070195052 0.8265987952213043 0.9993506708132471 -0.03219484712854165 0.016178027181407983 -0.03571675620407283 -0.8259852360369724 0.5625590663878819
0.2771988185247378 0.6925341408282574 0.6660009600561833 0.9349146794748423 -0.35426570483669984 -0.020744938635964938 -0.2215747212814296 -0.6284045465811211 0.7456623691224019
0.1922337624163299 0.6545094014764511 0.731206963838695 0.9330210071362718 -0.35283989961173645 0.07053938959474715 -0.3041676853804196 -0.6686714055654842 0.6784987623786801
0.3857965692847697 0.6565762002928544 0.6481270711342809 0.8425087721385404 -0.5370033158150755 0.04250185493863767 -0.37595209268963076 -0.5296556730675256 0.7603452452601223
-0.1226697475402222 -0.7206873899627843 0.6823209061629621 -0.9678892692584679 0.2388730179862123 0.07829459580625997 0.2194139819900388 0.650806704964528 0.7268480840454121
-0.6692440898634564 0.27282571128806643 0.6911428791812846 0.3718367305103412 0.9282762343839909 -0.006377971563051199 0.6433115839359764 -0.2527238887363833 0.7226900041067029
-0.5481441360226809 0.38364298281926335 0.7432066118364994 0.5556218316233726 0.8312116054519697 -0.019278153061158876 0.6251578891507643 -0.40237461238937444 0.668784184125988
-0.4358867149544592 0.5567789253609949 0.7071067811865955 0.7874043074890887 0.6164369039468927 5.551115123125783e-17 0.43588671495451736 -0.5567789253610694 0.707106781186501
-0.6724739232442087 -0.15359267257343817 0.7240083656203791 -0.22666836749288738 0.9739641269000483 -0.003915442495804999 0.7045567924125444 0.1667428272627558 0.689780077866686
-0.6632618868991826 0.11707898128980976 0.73917263310209 0.1748793696389625 0.9845893903217648 0.0009687829970727035 0.727668108042132 -0.12990860096989987 0.6735153152916631
-0.015765490079905853 0.2971992908503412 0.9546853046112074 -0.07487183602915914 -0.9524742247225697 0.29527454920592366 -0.9970685319937453 0.06682389360994351 -0.03726807951375888
0.20396767659319287 -0.03076986220305933 0.9784939460646547 0.04626968180046531 0.99869195251115 0.02176006745280193 0.9778835837927019 -0.04083625312723407 -0.20512458891919833
-0.48899018499988484 0.25753552647978906 0.8334050945216 0.42443956747211 0.9049388552790727 -0.030605910708402018 0.7620627615478056 -0.3387641079084093 0.5518144857242813
0.10218830736227313 -0.16618599093429268 0.9807852804032197 0.851841286727205 0.5237999830344986 0.0 0.5137353132356921 -0.8354733952617805 -0.19509032201618615
-0.05714009020774469 0.5525562591652189 0.8315146364005819 0.988768186562754 0.14653171620682778 -0.029426678149021335 0.13810316192055566 -0.8204937760902411 0.5547228858310459
0.2953337337479261 0.48117640693873037 0.8253770357333933 0.8734662481505874 -0.48600775442542093 -0.029209176299530626 -0.3870848731896486 -0.7295654378079419 0.5638258356122576
0.42894152551380754 0.3570871723263189 0.8297577472069075 0.6712854857809947 -0.7406593425311165 -0.02827604818833923 -0.6044708134142314 -0.5691331036597407 0.5574069842125853
0.2941151189092679 0.4812285932299856 0.8257816526702915 0.8733739829857574 -0.48626219960500294 -0.02769402605075061 -0.3882192456236329 -0.7293614428342061 0.5633095978538125
-0.04447471884754295 0.20234416603238095 0.9783040620666449 -0.9972122823476087 -0.06772197978412312 -0.03132726271472697 -0.05991379906591396 0.9769700977649135 -0.20479200363957137
0.5329355171531146 -0.15389318466225305 0.8320436420472499 -0.2343070273226744 -0.9717104337028882 -0.02964877704318447 -0.8130682329939807 0.17915278604435558 0.5539172571319578
0.5608283344182585 0.026287432670852096 0.8275146827683592 0.08710235703324709 -0.9958225520646568 -0.02739752176178728 -0.8233375727567007 -0.08744378584559492 0.5607752005965448
-2.7083628688778782e-06 -0.722343031809744 0.6915349191390645 -0.9999905694328166 -0.003001331175817634 -0.0031389579011210506 -0.004342929678997298 0.691528406073952 0.7223362115765228
0.07175343784960202 0.19980453940326984 0.9772049888281434 -0.9838242798269964 0.17540415110627258 0.03637540649368993 0.16413784018213654 0.9640080548462945 -0.20915840793955262
0.47466279210893697 -0.5565626070276667 0.6818601749962503 -0.7809696521365084 -0.6236075494554685 0.034641401587239086 -0.40593304402220204 0.5489550880725257 0.7306618062073291
0.08912786500690241 0.2205969124910539 0.9712843177353989 -0.9922467988299253 -0.06513833613898018 0.10584558269859255 -0.08661705311929474 0.9731875458329978 -0.21308093942084483
-0.004586314973211658 0.24329521672148077 0.9699414431992354 -0.8452954222971113 -0.5191739822851407 0.12623004856902426 -0.5342795286725069 0.8193081310707454 -0.20803742837010747
0.4101860927869577 -0.5626039608542269 0.7177911621880743 -0.8483041770487917 -0.5243425903613708 0.07378937006575864 -0.33485428545225926 0.639172614529334 0.692337328438958
0.14527139412049886 -0.7121431754396421 0.6868393696673442 -0.9876344295129306 -0.14573575133078365 0.057786888000004775 -0.05894451366293374 0.6867409908100724 0.7245083545758773
-0.5358829607681245 -0.1412199580840231 0.8323979671990659 -0.22225656424304174 0.9747335469276603 0.0222830012498908 0.814513027525815 0.17306483158796515 0.5537301617739112
-0.5369038728755173 0.14666866407665535 0.830796325382606 0.2902282735289342 0.956775661938825 0.018651594192955145 0.7921500997511051 -0.2511346963274763 0.5562639515237544
-0.2741703983975433 -0.6909013941760386 0.6689438363331706 -0.20799927213547723 0.721736040167522 0.660176787773107 0.9389179386046712 -0.04186110185974978 0.34158564477659714
-0.7041775403780058 0.028587028455657637 0.7094482175826917 0.13704446187095148 0.9858726911273976 0.09630084298553626 0.6966726685450522 -0.16503883995380914 0.6981471006951312
-0.4797206572522299 -0.2671537376638249 0.8357613124916345 -0.5255185271886682 0.8502581369202404 -0.029855957234320024 0.7026367259024712 0.453530573449214 0.5482806310274746
-0.6951943653312271 -0.04974053989592769 0.717098788942343 -0.04259686060061546 0.9987005323510656 0.027977743809518396 0.7175585703471774 0.011096187298389293 0.6964097735879036
-0.6568003423025406 -0.27885561871531306 0.7006089167732362 -0.36433004819892567 0.9308202629142004 0.028935343918975287 0.6602097593421624 0.23624813662596528 0.7129585483112781
-0.5398462405159574 -0.039879663960399436 0.8408184399757145 -0.04308328865924771 0.9988769488062301 0.019714750362636813 0.8406603754424806 0.02558228969351195 0.540958112625133
-0.5536091475927885 0.04805148580111945 0.8313891786725947 0.29630766184666957 0.9443681669349502 0.14272538250389233 0.7782793079817467 -0.3253610609649339 0.5370488793166099
-0.6332719088792947 0.2068440335840653 0.7457762634966666 0.36590965691115296 0.9291394391077461 0.05300967528391726 0.681965404110456 -0.3064562749646645 0.6640841355816636
-0.5338435568306195 0.1963312479546429 0.8224749831496441 0.462093953571189 0.8823220478281371 0.08931395181779894 0.7081526917998566 -0.42774039439002803 0.5617454228595744
-0.5382572596731338 -0.08819520303490297 0.8381531653407998 -0.041155737863815434 0.9960734868139559 0.07838248597214886 0.8417751051498581 -0.007695130143243578 0.5397735241024934
0.18398182893406273 0.5389350513691188 0.8220095480150118 0.9366864023718442 -0.34962184405712154 0.019574211856183577 -0.29794172288179155 -0.7663638669482431 0.5691372006839535
0.18386564567666036 0.5389584652099884 0.8220201926463855 0.936797871623223 -0.34932730444682913 0.019498258643112276 -0.2976628496505839 -0.7664817069874585 0.569124433486639
-0.389962552273326 0.5866555511732416 0.7097636734167893 0.902800091758973 0.39536272238856646 0.1692344884043806 0.18133174610217764 -0.7067698225187056 0.6838093417264888
0.004554145819442745 0.5627912011010168 0.8265865494424215 0.9993582850238728 -0.031929472757433186 0.016233512361001345 -0.035528550631818645 -0.8259821866921259 0.5625754610337133
0.05906524135864455 0.7277690923231446 0.6832740632589482 0.9841080287960382 -0.1572721374166106 0.08244308613576207 -0.16745950233540946 -0.6675459707402621 0.725492723620313
-0.7333373811016567 0.29873654375553726 0.6107149604389598 0.6435533913084569 0.5946659178582863 0.4818832624953339 0.21921523216772254 -0.7464106936283528 0.6283436626742516
-0.1384087701507032 0.564705470559127 0.8136035544821354 0.9892935177868531 0.11721817790691194 0.08693810691001358 0.04627470162284392 -0.8169257189541647 0.5748834853263209
-0.6525454478042761 0.36341003339137984 0.6649192328248551 0.7568165717269065 0.26903794702677214 0.595690573888116 -0.03759142600979509 -0.891937066552398 0.4505942232213526
-0.5580598234439278 0.217734763762452 0.8007251751425348 0.7051836889345353 0.6330411394170112 0.3193350601895983 0.4373616333406652 -0.7428664001386271 0.5068178304150952
-0.6790350222474665 0.13014180615718707 0.7224780611558596 0.17515696758068655 0.9844584983552505 -0.012708332859416083 0.7129035525716807 -0.1179176632497122 0.6912770424543306
-0.4895664969662303 -0.2802198856580414 0.825712698660987 -0.3633453903056817 0.9263842390477453 0.09895639942693685 0.7926567809536658 0.2515731649554974 0.5553432904811657
0.07601838229664938 -0.5419424396676754 0.8369704879146475 -0.9952606550933089 -0.09229110814392344 0.030636249457771315 -0.06064185003999001 0.8353327142191004 0.5463898082679735
0.2283502894767962 -0.6500868277042261 0.724736684418087 -0.9714065486302293 -0.20183796101503587 0.1250230169672824 -0.06500355816547188 0.7325630033920301 0.6775883584353257
